        \
         \
                  [38;2;90;78;7m.[38;2;90;78;6m.:[38;2;90;76;4m:[38;2;90;78;4m:[38;2;90;78;5m:[38;2;90;78;6m.[38;2;90;79;8m.[0m
             [38;2;90;79;7m:[38;2;123;107;8m-[38;2;147;129;10m=[38;2;158;138;9m+[38;2;167;145;8m+[38;2;178;154;7m+[38;2;192;167;6m*[38;2;207;180;6m*[38;2;221;192;5m*[38;2;232;201;5m#[38;2;240;208;4m#[38;2;243;210;4m#[38;2;239;207;3m#[38;2;218;188;1m*[38;2;187;162;1m+[38;2;155;135;1m=[38;2;130;113;2m=[38;2;90;79;4m:[0m
          [38;2;90;78;7m:[38;2;168;147;8m+[38;2;185;162;8m+[38;2;129;112;8m=[38;2;90;79;9m:       [38;2;90;79;10m.[38;2;90;78;8m.[38;2;90;78;6m:[38;2;128;112;15m=[38;2;141;132;79m+[38;2;157;152;123m+[38;2;148;143;114m+[38;2;157;144;64m+[38;2;188;165;20m*[38;2;215;187;6m*[38;2;172;150;7m+[38;2;94;82;8m-[0m
        [38;2;110;96;9m-[38;2;208;181;6m*[38;2;241;209;6m#[38;2;130;114;9m=              [38;2;140;141;147m+[38;2;229;229;233m%[38;2;255;255;255m@[38;2;207;208;216m%[38;2;93;94;104m-[38;2;139;123;26m=[38;2;246;212;1m#[38;2;241;209;3m#[38;2;212;185;6m*[38;2;127;110;8m=[0m
      [38;2;89;78;9m:[38;2;206;179;4m*[38;2;236;204;0m#[38;2;204;176;1m*[38;2;90;77;4m: [38;2;82;85;90m. [38;2;90;90;90m..           .[38;2;113;113;113m=[38;2;178;178;178m*[38;2;85;86;93m-[38;2;90;78;18m:[38;2;239;207;2m#[38;2;233;201;2m#[38;2;236;204;2m#[38;2;243;210;2m#[38;2;213;185;7m*[38;2;96;84;10m-[0m
     [38;2;129;112;11m=[38;2;214;186;8m*[38;2;158;141;31m+[38;2;123;116;78m=[38;2;113;112;104m=[38;2;99;99;105m-[38;2;90;90;90m: ......  .[38;2;94;94;94m-[38;2;100;100;100m-[38;2;90;90;90m-:.    [38;2;111;97;11m-[38;2;240;208;4m#[38;2;236;204;1m#[38;2;233;201;2m##[38;2;237;204;2m#[38;2;241;209;3m#[38;2;152;133;10m=[0m
    [38;2;141;123;10m=[38;2;231;200;3m#[38;2;96;91;60m-[38;2;187;189;200m#[38;2;241;242;247m@[38;2;253;254;255m@[38;2;255;255;255m@[38;2;181;181;181m# [38;2;90;90;90m..... :[38;2;153;153;153m+[38;2;225;225;225m%[38;2;255;255;255m@@@[38;2;249;249;249m@[38;2;116;116;116m=     [38;2;98;86;10m-[38;2;224;194;6m#[38;2;241;208;2m#[38;2;233;201;2m##[38;2;234;201;2m#[38;2;244;211;2m#[38;2;168;146;10m+[0m
   [38;2;99;87;11m-[38;2;243;210;3m#[38;2;226;195;1m#[38;2;90;84;50m:[38;2;212;212;217m%[38;2;239;239;239m@[38;2;178;178;178m*[38;2;107;107;107m=  [38;2;90;90;90m....:[38;2;158;158;158m*[38;2;240;240;240m@[38;2;255;255;255m@@@@@[38;2;188;188;188m#   [38;2;90;79;10m:[38;2;90;78;11m:  [38;2;90;77;14m.[38;2;178;155;9m+[38;2;242;210;2m#[38;2;235;203;2m#[38;2;233;201;2m##[38;2;244;211;3m#[38;2;133;116;11m=[0m
   [38;2;213;185;8m*[38;2;237;204;1m#[38;2;241;208;2m#[38;2;153;133;10m=[38;2;78;78;90m.[38;2;90;90;90m.   ... :[38;2;190;190;190m#[38;2;231;232;238m@[38;2;248;249;250m@[38;2;255;255;255m@@[38;2;249;249;249m@[38;2;242;242;242m@[38;2;216;216;216m%[38;2;100;100;101m- [38;2;90;79;16m:[38;2;183;160;13m+[38;2;147;129;10m=[38;2;90;79;9m:    [38;2;121;105;8m-[38;2;229;199;5m#[38;2;239;206;1m#[38;2;233;201;2m#[38;2;235;203;2m#[38;2;230;200;6m#[38;2;90;78;17m.[0m
  [38;2;90;78;9m:[38;2;242;209;3m#[38;2;234;201;2m#[38;2;237;205;5m#[38;2;90;78;11m:   [38;2;90;90;90m....   [38;2;81;81;90m.[38;2;117;108;47m=[38;2;98;95;73m-[38;2;132;132;135m+[38;2;209;209;209m%[38;2;131;131;131m+[38;2;187;187;187m#[38;2;149;149;149m+[38;2;90;90;90m. [38;2;90;80;25m:[38;2;90;78;11m.   [38;2;90;90;90m.[38;2;115;115;115m=[38;2;87;88;90m: [38;2;90;79;10m.[38;2;200;174;8m*[38;2;240;207;2m#[38;2;233;201;2m#[38;2;243;210;2m#[38;2;125;109;12m=[0m
  [38;2;132;115;11m=[38;2;242;209;2m#[38;2;239;206;1m#[38;2;183;160;10m+  [38;2;90;90;90m.....  [38;2;90;78;11m:[38;2;90;78;4m:[38;2;104;91;6m-[38;2;210;183;7m*    [38;2;90;90;90m.[38;2;160;160;160m*[38;2;223;223;223m%[38;2;231;232;232m@[38;2;209;209;213m%[38;2;151;152;155m+[38;2;90;90;90m: [38;2;124;124;124m=[38;2;207;207;207m%[38;2;255;255;255m@[38;2;228;228;228m%[38;2;90;90;90m-  [38;2;191;166;9m*[38;2;239;206;2m#[38;2;241;208;2m#[38;2;163;143;8m+[0m
  [38;2;130;113;11m=[38;2;243;209;2m#[38;2;242;209;2m#[38;2;104;90;10m- [38;2;90;90;90m....[38;2;89;89;89m.   [38;2;90;78;11m.[38;2;90;78;8m:[38;2;214;186;9m*[38;2;185;160;8m+[38;2;129;112;4m=[38;2;125;109;11m=[38;2;89;78;18m. [38;2;90;90;90m:[38;2;124;124;124m=[38;2;168;168;168m*[38;2;142;142;142m+[38;2;102;102;102m-[38;2;90;90;90m:[38;2;89;89;89m.[38;2;90;90;90m:[38;2;123;123;123m=[38;2;236;236;236m@[38;2;255;255;255m@@[38;2;151;151;151m+  [38;2;90;78;18m.[38;2;225;195;6m#[38;2;243;210;1m#[38;2;162;142;8m+[0m
  [38;2;90;78;9m:[38;2;242;210;3m#[38;2;231;200;5m#[38;2;90;77;12m. [38;2;90;90;90m...[38;2;89;89;89m. [38;2;90;90;90m..   [38;2;146;128;23m=[38;2;90;79;22m.[38;2;85;85;90m:[38;2;90;88;75m.[38;2;90;87;80m.[38;2;146;146;147m+[38;2;207;207;207m%[38;2;132;132;132m+[38;2;90;90;90m-[38;2;99;99;99m-[38;2;90;90;90m. :[38;2;213;213;213m%[38;2;166;166;166m*[38;2;206;206;206m%[38;2;255;255;255m@[38;2;254;254;254m@[38;2;120;120;120m=   [38;2;173;150;11m+[38;2;250;216;2m#[38;2;120;105;12m-[0m
   [38;2;214;186;8m*[38;2;196;170;8m*    [38;2;90;90;90m.  :[38;2;147;147;147m+[38;2;170;170;170m*[38;2;162;162;162m*[38;2;134;134;134m+[38;2;90;87;90m.[38;2;166;166;169m*[38;2;253;253;254m@[38;2;240;240;241m@[38;2;140;140;140m+[38;2;244;244;244m@[38;2;255;255;255m@@@[38;2;251;251;251m@[38;2;178;178;178m*[38;2;90;90;90m:[38;2;126;126;126m=[38;2;114;114;114m=[38;2;96;96;96m-[38;2;254;254;254m@[38;2;255;255;255m@[38;2;169;169;169m*    [38;2;183;160;10m+[38;2;233;202;6m#[38;2;90;78;18m.[0m
   [38;2;99;87;12m-[38;2;120;106;12m-        [38;2;90;90;90m-[38;2;221;221;221m%[38;2;233;233;233m@[38;2;122;122;122m=[38;2;155;155;156m*[38;2;255;255;255m@@@[38;2;169;169;169m*[38;2;133;133;133m+[38;2;163;163;163m*[38;2;152;152;152m+[38;2;157;157;157m*[38;2;163;163;163m*[38;2;184;184;184m#[38;2;211;211;211m%[38;2;187;187;187m#[38;2;148;148;148m+[38;2;227;227;227m%[38;2;229;229;229m%[38;2;128;128;128m+    [38;2;90;78;10m:[38;2;245;212;5m#[38;2;123;108;11m-[0m
    [38;2;90;78;15m:[38;2;90;78;10m:     [38;2;90;90;90m-[38;2;179;179;179m**[38;2;170;170;170m*[38;2;110;110;110m=[38;2;90;90;90m-[38;2;124;124;124m=[38;2;178;178;178m*[38;2;207;207;207m%[38;2;198;198;198m#[38;2;180;180;180m#[38;2;220;220;220m%[38;2;218;218;218m%[38;2;211;211;211m%[38;2;222;222;222m%[38;2;232;232;232m@[38;2;241;241;241m@[38;2;251;251;251m@[38;2;241;241;241m@[38;2;211;211;211m%[38;2;124;124;124m=[38;2;90;90;90m.    [38;2;90;78;11m:[38;2;239;208;6m#[38;2;158;138;10m+[0m
     [38;2;90;77;4m: [38;2;88;88;90m:[38;2;94;94;94m-[38;2;90;90;90m:[38;2;186;186;186m#[38;2;248;248;248m@[38;2;255;255;255m@[38;2;220;220;220m%[38;2;223;223;223m%[38;2;250;250;250m@[38;2;235;235;235m@[38;2;178;178;178m*[38;2;90;90;90m-[38;2;101;101;101m-[38;2;181;181;181m#[38;2;213;213;213m%[38;2;219;219;219m%[38;2;220;220;220m%[38;2;215;215;215m%[38;2;200;200;200m#[38;2;177;177;177m*[38;2;148;148;148m+[38;2;107;107;107m=[38;2;90;90;90m:      [38;2;104;91;9m-[38;2;230;201;8m#[38;2;142;124;10m=[0m
     [38;2;86;87;93m-[38;2;175;175;176m*[38;2;151;151;151m+[38;2;110;110;110m=[38;2;189;189;189m#[38;2;255;255;255m@[38;2;229;229;229m%[38;2;228;228;228m%[38;2;240;240;240m@[38;2;192;192;192m#[38;2;163;163;163m*[38;2;179;179;179m*[38;2;214;214;214m%[38;2;250;250;250m@[38;2;113;113;113m=               [38;2;157;137;12m+[38;2;211;184;9m*[38;2;90;78;9m:[0m
   [38;2;90;90;90m.[38;2;166;166;166m*[38;2;255;255;255m@[38;2;209;209;209m%[38;2;90;90;90m:[38;2;217;217;217m%[38;2;255;255;255m@[38;2;253;253;253m@[38;2;235;235;235m@[38;2;180;180;180m#[38;2;196;196;196m#[38;2;222;222;222m%[38;2;247;247;247m@[38;2;235;235;235m@[38;2;157;157;157m*[38;2;98;98;98m-[38;2;97;97;97m-              [38;2;89;78;16m:[38;2;120;105;9m-[0m
   [38;2;90;90;90m.[38;2;141;141;141m+[38;2;212;212;212m%[38;2;128;128;128m+[38;2;123;123;123m=[38;2;255;255;255m@@[38;2;197;197;197m#[38;2;200;200;200m#[38;2;249;249;249m@[38;2;250;250;250m@[38;2;221;221;221m%[38;2;138;138;138m+[38;2;150;150;150m+[38;2;133;133;133m+[38;2;90;90;90m:[0m
        [38;2;99;99;99m-[38;2;183;183;183m#[38;2;220;220;220m%[38;2;212;212;212m%[38;2;193;193;193m#[38;2;183;183;183m#[38;2;176;176;176m*[38;2;98;98;98m-[38;2;90;90;90m......[0m
           [38;2;90;90;90m:[38;2;141;141;141m+[38;2;117;117;117m=[0m
